




Left Force plate         S.1   S.2   S.3   S.4
(xakse)     (yakse)
20.000	20.000	0.333	0.100 1.140	0.523
40.000	20.000	0.617	0.186	0.925	0.405
60.000	20.000	0.890	0.250	0.717	0.290
80.000	20.000	1.129	0.310	0.517	0.183
100.000	20.000	1.361	0.371	0.280	0.063

20.000	40.000     -0.007	0.439	0.511	1.174
40.000	40.000	0.099	0.665	0.376	0.932
60.000	40.000	0.246	0.840	0.294	0.740
80.000	40.000	0.390	1.031	0.154	0.535
100.000	40.000	0.520	1.231-0.001	0.322

Right Force plate        S.5   S.6   S.7   S.8
(xakse)     (yakse)
20.000	20.000	0.361-0.001 1.083	0.624
40.000	20.000	0.579	0.137	0.898	0.454
60.000	20.000	0.779	0.284	0.711	0.280
80.000	20.000	0.953	0.416	0.529	0.120
100.000	20.000	1.137	0.564	0.336	-0.050

20.000	40.000	0.094	0.245	0.458	1.332
40.000	40.000	0.157	0.493	0.354	1.035
60.000	40.000	0.254	0.729	0.264	0.790
80.000	40.000	0.341	0.968	0.173	0.539
100.000	40.000	0.426	1.227	0.079	0.255








20.000	20.000	0.333	0.100 1.140	0.523
40.000	20.000	0.617	0.186	0.925	0.405
60.000	20.000	0.890	0.250	0.717	0.290
80.000	20.000	1.129	0.310	0.517	0.183
100.000	20.000	1.361	0.371	0.280	0.063
20.000	40.000     -0.007	0.439	0.511	1.174
40.000	40.000	0.099	0.665	0.376	0.932
60.000	40.000	0.246	0.840	0.294	0.740
80.000	40.000	0.390	1.031	0.154	0.535
100.000	40.000	0.520	1.231-0.001	0.322